version = 'MMult_4x4_15';
MY_MMult = [
40 1.280000e+01 2.664535e-15 
80 1.280000e+01 9.769963e-15 
120 1.410612e+01 1.065814e-14 
160 1.563359e+01 1.421085e-14 
200 1.386482e+01 1.776357e-14 
240 1.330510e+01 2.309264e-14 
280 1.615305e+01 3.907985e-14 
320 1.635130e+01 3.907985e-14 
360 1.571968e+01 4.618528e-14 
400 1.512287e+01 4.796163e-14 
440 1.549082e+01 5.151435e-14 
480 1.621108e+01 7.815970e-14 
520 1.691525e+01 7.815970e-14 
560 1.700305e+01 8.171241e-14 
600 1.678322e+01 7.815970e-14 
640 1.708391e+01 9.947598e-14 
680 1.657872e+01 8.526513e-14 
720 1.701958e+01 8.171241e-14 
760 1.654640e+01 9.237056e-14 
800 1.697247e+01 9.947598e-14 
];
