version = 'MMult_1x4_8';
MY_MMult = [
40 7.111111e+00 2.664535e-15 
80 7.111111e+00 9.769963e-15 
120 7.010142e+00 1.065814e-14 
160 7.550230e+00 1.065814e-14 
200 7.582938e+00 1.421085e-14 
240 7.562363e+00 1.776357e-14 
280 7.506240e+00 1.776357e-14 
320 7.259194e+00 3.019807e-14 
360 6.783367e+00 2.486900e-14 
400 6.962197e+00 3.907985e-14 
440 6.903919e+00 3.197442e-14 
480 6.357141e+00 2.842171e-14 
520 6.640283e+00 4.263256e-14 
560 6.799442e+00 4.618528e-14 
600 7.023362e+00 3.907985e-14 
640 6.875728e+00 4.618528e-14 
680 6.743127e+00 4.973799e-14 
720 6.398409e+00 4.973799e-14 
760 6.476387e+00 7.105427e-14 
800 6.663196e+00 4.973799e-14 
];
