version = 'MMult_1x4_3';
MY_MMult = [
40 2.415094e+00 0.000000e+00 
80 2.301124e+00 0.000000e+00 
120 2.357435e+00 0.000000e+00 
160 2.298541e+00 0.000000e+00 
200 2.176871e+00 0.000000e+00 
240 2.116998e+00 0.000000e+00 
280 2.164678e+00 0.000000e+00 
320 2.073399e+00 0.000000e+00 
360 2.090088e+00 0.000000e+00 
400 1.723279e+00 0.000000e+00 
440 2.275123e+00 0.000000e+00 
480 2.084419e+00 0.000000e+00 
520 2.255267e+00 0.000000e+00 
560 2.266159e+00 0.000000e+00 
600 2.255203e+00 0.000000e+00 
640 2.140938e+00 0.000000e+00 
680 2.009542e+00 0.000000e+00 
720 1.970634e+00 0.000000e+00 
760 2.001144e+00 0.000000e+00 
800 1.906276e+00 0.000000e+00 
];
