version = 'MMult_4x4_4';
MY_MMult = [
40 2.612245e+00 0.000000e+00 
80 2.354023e+00 0.000000e+00 
120 2.000000e+00 0.000000e+00 
160 2.225482e+00 0.000000e+00 
200 2.075496e+00 0.000000e+00 
240 2.010179e+00 0.000000e+00 
280 2.150049e+00 0.000000e+00 
320 2.014942e+00 0.000000e+00 
360 1.988874e+00 0.000000e+00 
400 2.125787e+00 0.000000e+00 
440 2.080881e+00 0.000000e+00 
480 2.093277e+00 0.000000e+00 
520 2.084935e+00 0.000000e+00 
560 2.187462e+00 0.000000e+00 
600 2.013967e+00 0.000000e+00 
640 1.940521e+00 0.000000e+00 
680 2.006355e+00 0.000000e+00 
720 1.981578e+00 0.000000e+00 
760 2.028282e+00 0.000000e+00 
800 1.957377e+00 0.000000e+00 
];
