version = 'MMult_4x4_14';
MY_MMult = [
40 1.280000e+01 2.664535e-15 
80 1.296203e+01 9.769963e-15 
120 1.387952e+01 1.065814e-14 
160 1.587597e+01 1.421085e-14 
200 1.609658e+01 1.776357e-14 
240 1.480086e+01 2.309264e-14 
280 1.263424e+01 3.907985e-14 
320 1.514933e+01 3.907985e-14 
360 1.495864e+01 4.618528e-14 
400 1.552268e+01 4.796163e-14 
440 1.490403e+01 5.151435e-14 
480 1.345729e+01 7.815970e-14 
520 1.664197e+01 7.815970e-14 
560 1.459271e+01 8.171241e-14 
600 1.684736e+01 7.815970e-14 
640 1.670558e+01 9.947598e-14 
680 1.676255e+01 8.526513e-14 
720 1.679746e+01 8.171241e-14 
760 1.642751e+01 9.237056e-14 
800 1.442985e+01 9.947598e-14 
];
