version = 'MMult_4x4_10';
MY_MMult = [
40 1.422222e+01 2.664535e-15 
80 1.312821e+01 9.769963e-15 
120 1.350000e+01 1.065814e-14 
160 1.327715e+01 1.065814e-14 
200 8.226221e+00 1.421085e-14 
240 1.029337e+01 1.776357e-14 
280 1.019837e+01 1.776357e-14 
320 9.804907e+00 3.019807e-14 
360 8.668896e+00 2.486900e-14 
400 1.010340e+01 3.907985e-14 
440 9.709791e+00 3.197442e-14 
480 1.027186e+01 2.842171e-14 
520 9.775306e+00 4.263256e-14 
560 1.048735e+01 4.618528e-14 
600 1.057088e+01 3.907985e-14 
640 1.026104e+01 4.618528e-14 
680 1.072451e+01 4.973799e-14 
720 1.074110e+01 4.973799e-14 
760 9.832590e+00 7.105427e-14 
800 1.035588e+01 4.973799e-14 
];
