version = 'MMult_4x4_9';
MY_MMult = [
40 9.846154e+00 2.664535e-15 
80 9.481481e+00 9.769963e-15 
120 1.013490e+01 1.065814e-14 
160 1.046232e+01 1.065814e-14 
200 9.232545e+00 1.421085e-14 
240 8.967888e+00 1.776357e-14 
280 8.538312e+00 1.776357e-14 
320 8.733475e+00 3.019807e-14 
360 8.913172e+00 2.486900e-14 
400 7.506451e+00 3.907985e-14 
440 7.696770e+00 3.197442e-14 
480 8.262383e+00 2.842171e-14 
520 8.207571e+00 4.263256e-14 
560 8.510795e+00 4.618528e-14 
600 7.995410e+00 3.907985e-14 
640 8.886237e+00 4.618528e-14 
680 8.925881e+00 4.973799e-14 
720 8.084736e+00 4.973799e-14 
760 7.668976e+00 7.105427e-14 
800 7.852640e+00 4.973799e-14 
];
