version = 'MMult_4x4_6';
MY_MMult = [
40 1.280000e+01 2.664535e-15 
80 1.077895e+01 9.769963e-15 
120 1.063385e+01 1.065814e-14 
160 1.046232e+01 1.065814e-14 
200 9.060023e+00 1.421085e-14 
240 9.005863e+00 1.776357e-14 
280 8.318302e+00 1.776357e-14 
320 8.704476e+00 3.019807e-14 
360 8.581992e+00 2.486900e-14 
400 7.898797e+00 3.907985e-14 
440 7.950348e+00 3.197442e-14 
480 8.737616e+00 2.842171e-14 
520 8.413343e+00 4.263256e-14 
560 8.111594e+00 4.618528e-14 
600 8.187556e+00 3.907985e-14 
640 8.482115e+00 4.618528e-14 
680 8.829755e+00 4.973799e-14 
720 8.632906e+00 4.973799e-14 
760 8.052020e+00 7.105427e-14 
800 7.445053e+00 4.973799e-14 
];
