version = 'MMult_4x4_12';
MY_MMult = [
40 1.066667e+01 2.664535e-15 
80 8.827586e+00 9.769963e-15 
120 9.240642e+00 1.065814e-14 
160 8.578010e+00 1.421085e-14 
200 8.953553e+00 1.776357e-14 
240 8.426699e+00 2.309264e-14 
280 8.220183e+00 3.907985e-14 
320 8.682565e+00 3.907985e-14 
360 7.649152e+00 4.618528e-14 
400 7.914915e+00 4.796163e-14 
440 8.427384e+00 5.151435e-14 
480 8.206894e+00 7.815970e-14 
520 8.441123e+00 7.815970e-14 
560 8.247206e+00 8.171241e-14 
600 8.251361e+00 7.815970e-14 
640 8.039377e+00 9.947598e-14 
680 8.456110e+00 8.526513e-14 
720 8.472030e+00 8.171241e-14 
760 8.296655e+00 9.237056e-14 
800 8.365876e+00 9.947598e-14 
];
