version = 'MMult_4x4_3';
MY_MMult = [
40 2.461538e+00 0.000000e+00 
80 2.245614e+00 0.000000e+00 
120 2.191503e+00 0.000000e+00 
160 1.629924e+00 0.000000e+00 
200 2.242467e+00 0.000000e+00 
240 2.224296e+00 0.000000e+00 
280 2.124867e+00 0.000000e+00 
320 2.147102e+00 0.000000e+00 
360 2.055421e+00 0.000000e+00 
400 1.921316e+00 0.000000e+00 
440 2.115742e+00 0.000000e+00 
480 2.084282e+00 0.000000e+00 
520 2.094968e+00 0.000000e+00 
560 2.001082e+00 0.000000e+00 
600 2.039256e+00 0.000000e+00 
640 1.973493e+00 0.000000e+00 
680 1.972177e+00 0.000000e+00 
720 2.036541e+00 0.000000e+00 
760 2.020022e+00 0.000000e+00 
800 1.939537e+00 0.000000e+00 
];
