version = 'MMult_1x4_6';
MY_MMult = [
40 3.878788e+00 2.664535e-15 
80 7.816794e+00 9.769963e-15 
120 5.433962e+00 1.065814e-14 
160 7.488117e+00 1.065814e-14 
200 7.305936e+00 1.421085e-14 
240 7.345377e+00 1.776357e-14 
280 7.459055e+00 1.776357e-14 
320 7.599258e+00 3.019807e-14 
360 7.493134e+00 2.486900e-14 
400 6.652115e+00 3.907985e-14 
440 7.345981e+00 3.197442e-14 
480 6.731306e+00 2.842171e-14 
520 6.912881e+00 4.263256e-14 
560 7.311393e+00 4.618528e-14 
600 6.924409e+00 3.907985e-14 
640 6.753417e+00 4.618528e-14 
680 7.138881e+00 4.973799e-14 
720 7.563513e+00 4.973799e-14 
760 7.116241e+00 7.105427e-14 
800 6.714094e+00 4.973799e-14 
];
