version = 'MMult2';
MY_MMult = [
40 2.612245e+00 0.000000e+00 
80 2.280624e+00 0.000000e+00 
120 1.952542e+00 0.000000e+00 
160 2.240088e+00 0.000000e+00 
200 2.140182e+00 0.000000e+00 
240 2.038036e+00 0.000000e+00 
280 2.069089e+00 0.000000e+00 
320 2.064711e+00 0.000000e+00 
360 2.214543e+00 0.000000e+00 
400 2.027723e+00 0.000000e+00 
440 2.256649e+00 0.000000e+00 
480 2.271046e+00 0.000000e+00 
520 2.226519e+00 0.000000e+00 
560 2.233732e+00 0.000000e+00 
600 2.254733e+00 0.000000e+00 
640 2.040714e+00 0.000000e+00 
680 2.058596e+00 0.000000e+00 
720 2.052104e+00 0.000000e+00 
760 2.120350e+00 0.000000e+00 
800 2.101470e+00 0.000000e+00 
];
