version = 'MMult1';
MY_MMult = [
40 2.206897e+00 0.000000e+00 
80 2.064516e+00 0.000000e+00 
120 1.995381e+00 0.000000e+00 
160 1.916257e+00 0.000000e+00 
200 2.194185e+00 0.000000e+00 
240 2.187169e+00 0.000000e+00 
280 2.256347e+00 0.000000e+00 
320 2.263218e+00 0.000000e+00 
360 2.056825e+00 0.000000e+00 
400 1.965391e+00 0.000000e+00 
440 2.185382e+00 0.000000e+00 
480 2.074099e+00 0.000000e+00 
520 1.956721e+00 0.000000e+00 
560 1.986629e+00 0.000000e+00 
600 1.996322e+00 0.000000e+00 
640 1.982103e+00 0.000000e+00 
680 2.032573e+00 0.000000e+00 
720 2.000729e+00 0.000000e+00 
760 1.997225e+00 0.000000e+00 
800 1.927693e+00 0.000000e+00 
];
