version = 'MMult_1x4_5';
MY_MMult = [
40 1.855072e+00 0.000000e+00 
80 3.335505e+00 0.000000e+00 
120 3.232928e+00 0.000000e+00 
160 3.221392e+00 0.000000e+00 
200 3.173344e+00 0.000000e+00 
240 3.103379e+00 0.000000e+00 
280 2.647211e+00 0.000000e+00 
320 2.895211e+00 0.000000e+00 
360 2.744713e+00 0.000000e+00 
400 2.726305e+00 0.000000e+00 
440 2.751732e+00 0.000000e+00 
480 2.666474e+00 0.000000e+00 
520 2.696946e+00 0.000000e+00 
560 2.555771e+00 0.000000e+00 
600 2.802520e+00 0.000000e+00 
640 2.575291e+00 0.000000e+00 
680 2.520841e+00 0.000000e+00 
720 2.489158e+00 0.000000e+00 
760 2.537419e+00 0.000000e+00 
800 2.481835e+00 0.000000e+00 
];
