Test przeprowadzane na size = 1000
mm0: 4.464420e+00
mm1: 4.472567e+00
mm2: 4.566896e+00
mm3: 4.546802e+00
mm5: 4.967699e+00
mm6: 2.358590e+00