version = 'MMult_4x4_7';
MY_MMult = [
40 1.163636e+01 2.664535e-15 
80 1.077895e+01 9.769963e-15 
120 1.073292e+01 1.065814e-14 
160 1.035651e+01 1.065814e-14 
200 9.445100e+00 1.421085e-14 
240 8.766011e+00 1.776357e-14 
280 7.603741e+00 1.776357e-14 
320 7.849563e+00 3.019807e-14 
360 7.282035e+00 2.486900e-14 
400 7.910023e+00 3.907985e-14 
440 7.062179e+00 3.197442e-14 
480 7.775575e+00 2.842171e-14 
520 7.806568e+00 4.263256e-14 
560 7.374950e+00 4.618528e-14 
600 7.260626e+00 3.907985e-14 
640 7.830219e+00 4.618528e-14 
680 7.511694e+00 4.973799e-14 
720 7.686168e+00 4.973799e-14 
760 7.704510e+00 7.105427e-14 
800 7.776546e+00 4.973799e-14 
];
