version = 'MMult_4x4_13';
MY_MMult = [
40 1.600000e+01 2.664535e-15 
80 1.365333e+01 9.769963e-15 
120 1.592627e+01 1.065814e-14 
160 1.575385e+01 1.421085e-14 
200 1.608040e+01 1.776357e-14 
240 1.599075e+01 2.309264e-14 
280 1.365599e+01 3.907985e-14 
320 1.588752e+01 3.907985e-14 
360 1.569852e+01 4.618528e-14 
400 1.460354e+01 4.796163e-14 
440 1.500247e+01 5.151435e-14 
480 1.408636e+01 7.815970e-14 
520 1.585030e+01 7.815970e-14 
560 1.522132e+01 8.171241e-14 
600 1.560186e+01 7.815970e-14 
640 1.617674e+01 9.947598e-14 
680 1.627958e+01 8.526513e-14 
720 1.651796e+01 8.171241e-14 
760 1.626711e+01 9.237056e-14 
800 1.624056e+01 9.947598e-14 
];
