version = 'MMult_1x4_7';
MY_MMult = [
40 8.000000e+00 2.664535e-15 
80 8.533333e+00 9.769963e-15 
120 8.093677e+00 1.065814e-14 
160 8.086871e+00 1.065814e-14 
200 7.885658e+00 1.421085e-14 
240 7.888160e+00 1.776357e-14 
280 7.761004e+00 1.776357e-14 
320 7.926463e+00 3.019807e-14 
360 7.748235e+00 2.486900e-14 
400 7.463992e+00 3.907985e-14 
440 7.631265e+00 3.197442e-14 
480 7.366906e+00 2.842171e-14 
520 6.989338e+00 4.263256e-14 
560 7.291055e+00 4.618528e-14 
600 7.485445e+00 3.907985e-14 
640 7.462112e+00 4.618528e-14 
680 7.273131e+00 4.973799e-14 
720 7.106237e+00 4.973799e-14 
760 7.325240e+00 7.105427e-14 
800 6.759433e+00 4.973799e-14 
];
