version = 'MMult_4x4_8';
MY_MMult = [
40 1.280000e+01 2.664535e-15 
80 1.077895e+01 9.769963e-15 
120 1.063385e+01 1.065814e-14 
160 1.046232e+01 1.065814e-14 
200 9.101251e+00 1.421085e-14 
240 8.838875e+00 1.776357e-14 
280 8.321456e+00 1.776357e-14 
320 8.657332e+00 3.019807e-14 
360 8.892786e+00 2.486900e-14 
400 8.042222e+00 3.907985e-14 
440 8.379304e+00 3.197442e-14 
480 8.818084e+00 2.842171e-14 
520 8.982528e+00 4.263256e-14 
560 8.835581e+00 4.618528e-14 
600 8.107652e+00 3.907985e-14 
640 8.856515e+00 4.618528e-14 
680 8.562147e+00 4.973799e-14 
720 8.335894e+00 4.973799e-14 
760 8.419664e+00 7.105427e-14 
800 8.563949e+00 4.973799e-14 
];
