version = 'MMult_4x4_15';
MY_MMult = [
40 1.422222e+01 2.664535e-15 
80 1.505882e+01 9.769963e-15 
120 1.563801e+01 1.065814e-14 
160 1.551515e+01 1.421085e-14 
200 1.619433e+01 1.776357e-14 
240 1.491262e+01 2.309264e-14 
280 1.593033e+01 3.907985e-14 
320 1.566348e+01 3.907985e-14 
360 1.604678e+01 4.618528e-14 
400 1.621485e+01 4.796163e-14 
440 1.573693e+01 5.151435e-14 
480 1.579322e+01 7.815970e-14 
520 1.679102e+01 7.815970e-14 
560 1.575455e+01 8.171241e-14 
600 1.602612e+01 7.815970e-14 
640 1.627011e+01 9.947598e-14 
680 1.607197e+01 8.526513e-14 
720 1.659175e+01 8.171241e-14 
760 1.662316e+01 9.237056e-14 
800 1.596533e+01 9.947598e-14 
];
