version = 'MMult_1x4_9';
MY_MMult = [
40 7.111111e+00 2.664535e-15 
80 8.062992e+00 9.769963e-15 
120 7.963134e+00 1.065814e-14 
160 7.892100e+00 1.065814e-14 
200 7.329363e+00 1.421085e-14 
240 7.777215e+00 1.776357e-14 
280 7.789922e+00 1.776357e-14 
320 7.384338e+00 3.019807e-14 
360 7.144323e+00 2.486900e-14 
400 6.820119e+00 3.907985e-14 
440 6.444789e+00 3.197442e-14 
480 6.809223e+00 2.842171e-14 
520 6.741202e+00 4.263256e-14 
560 7.271131e+00 4.618528e-14 
600 7.658488e+00 3.907985e-14 
640 7.235051e+00 4.618528e-14 
680 7.329844e+00 4.973799e-14 
720 7.199236e+00 4.973799e-14 
760 7.320293e+00 7.105427e-14 
800 6.925423e+00 4.973799e-14 
];
