version = 'MMult_4x4_5';
MY_MMult = [
40 3.764706e+00 0.000000e+00 
80 3.696751e+00 0.000000e+00 
120 3.494439e+00 0.000000e+00 
160 3.463848e+00 0.000000e+00 
200 3.338202e+00 0.000000e+00 
240 3.282051e+00 0.000000e+00 
280 3.107148e+00 0.000000e+00 
320 3.290290e+00 0.000000e+00 
360 3.135168e+00 0.000000e+00 
400 3.134105e+00 0.000000e+00 
440 3.061805e+00 0.000000e+00 
480 3.427403e+00 0.000000e+00 
520 3.325127e+00 0.000000e+00 
560 3.193367e+00 0.000000e+00 
600 3.070057e+00 0.000000e+00 
640 3.197658e+00 0.000000e+00 
680 3.181045e+00 0.000000e+00 
720 3.137171e+00 0.000000e+00 
760 3.126009e+00 0.000000e+00 
