version = 'MMult_4x4_11';
MY_MMult = [
40 1.600000e+01 2.664535e-15 
80 1.442254e+01 9.769963e-15 
120 1.440000e+01 1.065814e-14 
160 1.439719e+01 1.421085e-14 
200 1.391304e+01 1.776357e-14 
240 1.322238e+01 2.309264e-14 
280 1.098149e+01 3.907985e-14 
320 1.356572e+01 3.907985e-14 
360 1.318898e+01 4.618528e-14 
400 1.358955e+01 4.796163e-14 
440 1.342432e+01 5.151435e-14 
480 1.251820e+01 7.815970e-14 
520 1.304160e+01 7.815970e-14 
560 1.239744e+01 8.171241e-14 
600 1.112427e+01 7.815970e-14 
640 1.361964e+01 9.947598e-14 
680 1.398657e+01 8.526513e-14 
720 1.400398e+01 8.171241e-14 
760 1.385023e+01 9.237056e-14 
800 1.369460e+01 9.947598e-14 
];
