version = 'MMult0';
MY_MMult = [
40 2.133333e+00 0.000000e+00 
80 1.957935e+00 0.000000e+00 
120 1.897858e+00 0.000000e+00 
160 1.775851e+00 0.000000e+00 
200 1.743299e+00 0.000000e+00 
240 1.732331e+00 0.000000e+00 
280 1.716005e+00 0.000000e+00 
320 1.716231e+00 0.000000e+00 
360 1.725763e+00 0.000000e+00 
400 1.707646e+00 0.000000e+00 
440 1.713774e+00 0.000000e+00 
480 1.709754e+00 0.000000e+00 
520 1.730603e+00 0.000000e+00 
560 1.749974e+00 0.000000e+00 
600 1.751264e+00 0.000000e+00 
640 1.752710e+00 0.000000e+00 
680 1.750828e+00 0.000000e+00 
720 1.743506e+00 0.000000e+00 
760 1.731992e+00 0.000000e+00 
800 1.695387e+00 0.000000e+00 
];
