version = 'MMult_1x4_4';
MY_MMult = [
40 2.612245e+00 0.000000e+00 
80 2.409412e+00 0.000000e+00 
120 2.349422e+00 0.000000e+00 
160 2.289547e+00 0.000000e+00 
200 2.225622e+00 0.000000e+00 
240 2.231837e+00 0.000000e+00 
280 1.974278e+00 0.000000e+00 
320 2.053519e+00 0.000000e+00 
360 2.137144e+00 0.000000e+00 
400 2.098085e+00 0.000000e+00 
440 2.088381e+00 0.000000e+00 
480 2.159979e+00 0.000000e+00 
520 2.235048e+00 0.000000e+00 
560 2.213196e+00 0.000000e+00 
600 2.159752e+00 0.000000e+00 
640 2.123182e+00 0.000000e+00 
680 2.114077e+00 0.000000e+00 
720 2.022849e+00 0.000000e+00 
760 2.114202e+00 0.000000e+00 
800 2.037341e+00 0.000000e+00 
];
